1 2 7.47
1 3 2.80
1 4 1.45
1 14 9.01
1 15 4.74
1 16 2.32
1 17 1.29
1 27 2.93
1 28 2.43
1 29 1.65
1 30 1.06
1 40 1.51
1 41 1.38
1 42 1.03
1 43 0.75
2 3 8.20
2 4 2.95
2 5 1.47
2 14 4.67
2 15 7.15
2 16 4.53
2 17 2.29
2 18 1.32
2 27 2.26
2 28 2.75
2 29 2.36
2 30 1.61
2 31 1.02
2 40 1.30
2 41 1.44
2 42 1.26
2 43 0.99
2 44 0.73
3 4 8.21
3 5 2.85
3 6 1.48
3 14 2.39
3 15 4.84
3 16 7.94
3 17 4.61
3 18 2.37
3 19 1.30
3 27 1.60
3 28 2.44
3 29 2.96
3 30 2.43
3 31 1.58
3 32 1.02
3 40 1.07
3 41 1.37
3 42 1.43
3 43 1.28
3 44 0.99
3 45 0.72
4 5 7.92
4 6 2.94
4 7 1.44
4 14 1.35
4 15 2.44
4 16 4.90
4 17 6.96
4 18 4.54
4 19 2.28
4 20 1.24
4 27 1.05
4 28 1.64
4 29 2.43
4 30 2.78
4 31 2.22
4 32 1.51
4 33 1.00
4 40 0.79
4 41 1.06
4 42 1.28
4 43 1.39
4 44 1.21
4 45 0.94
4 46 0.72
5 6 8.16
5 7 2.82
5 8 1.55
5 15 1.32
5 16 2.36
5 17 4.48
5 18 6.95
5 19 4.37
5 20 2.17
5 21 1.31
5 28 1.03
5 29 1.57
5 30 2.22
5 31 2.52
5 32 2.15
5 33 1.51
5 34 1.04
5 41 0.77
5 42 0.99
5 43 1.24
5 44 1.29
5 45 1.15
5 46 0.94
5 47 0.72
6 7 6.95
6 8 2.92
6 9 1.51
6 16 1.32
6 17 2.32
6 18 4.52
6 19 6.48
6 20 4.01
6 21 2.24
6 22 1.33
6 29 1.02
6 30 1.51
6 31 2.10
6 32 2.47
6 33 2.14
6 34 1.55
6 35 1.01
6 42 0.74
6 43 1.00
6 44 1.18
6 45 1.24
6 46 1.15
6 47 0.94
6 48 0.69
7 8 8.33
7 9 3.06
7 10 1.53
7 17 1.27
7 18 2.26
7 19 4.27
7 20 6.77
7 21 4.58
7 22 2.49
7 23 1.36
7 30 0.99
7 31 1.44
7 32 2.11
7 33 2.72
7 34 2.39
7 35 1.61
7 36 1.02
7 43 0.76
7 44 0.97
7 45 1.18
7 46 1.32
7 47 1.21
7 48 0.94
7 49 0.73
8 9 7.80
8 10 2.83
8 11 1.50
8 18 1.37
8 19 2.43
8 20 5.07
8 21 7.32
8 22 4.87
8 23 2.38
8 24 1.32
8 31 1.04
8 32 1.58
8 33 2.49
8 34 2.92
8 35 2.38
8 36 1.56
8 37 1.01
8 44 0.78
8 45 1.02
8 46 1.29
8 47 1.37
8 48 1.18
8 49 0.98
8 50 0.75
9 10 7.74
9 11 3.10
9 12 1.56
9 19 1.38
9 20 2.64
9 21 5.14
9 22 8.26
9 23 4.89
9 24 2.44
9 25 1.38
9 32 1.06
9 33 1.70
9 34 2.46
9 35 2.93
9 36 2.37
9 37 1.59
9 38 1.05
9 45 0.78
9 46 1.04
9 47 1.26
9 48 1.33
9 49 1.26
9 50 1.03
9 51 0.79
10 11 8.78
10 12 3.21
10 13 1.56
10 20 1.39
10 21 2.40
10 22 4.73
10 23 7.69
10 24 4.90
10 25 2.56
10 26 1.43
10 33 1.04
10 34 1.53
10 35 2.26
10 36 2.71
10 37 2.32
10 38 1.62
10 39 1.10
10 46 0.74
10 47 0.95
10 48 1.18
10 49 1.36
10 50 1.29
10 51 1.07
10 52 0.82
11 12 8.30
11 13 3.01
11 21 1.42
11 22 2.58
11 23 5.38
11 24 8.38
11 25 5.17
11 26 2.57
11 34 1.04
11 35 1.63
11 36 2.43
11 37 2.92
11 38 2.47
11 39 1.73
11 47 0.74
11 48 1.00
11 49 1.32
11 50 1.50
11 51 1.30
11 52 1.14
12 13 8.14
12 22 1.42
12 23 2.69
12 24 5.39
12 25 8.23
12 26 5.13
12 35 1.06
12 36 1.67
12 37 2.51
12 38 2.97
12 39 2.56
12 48 0.76
12 49 1.07
12 50 1.40
12 51 1.63
12 52 1.45
13 23 1.44
13 24 2.67
13 25 5.29
13 26 8.53
13 36 1.08
13 37 1.72
13 38 2.55
13 39 3.07
13 49 0.80
13 50 1.12
13 51 1.51
13 52 1.58
14 15 7.52
14 16 2.79
14 17 1.44
14 27 7.20
14 28 4.55
14 29 2.36
14 30 1.33
14 40 2.74
14 41 2.32
14 42 1.52
14 43 0.98
14 53 1.38
14 54 1.35
14 55 1.03
14 56 0.76
15 16 7.84
15 17 2.87
15 18 1.47
15 27 4.57
15 28 7.86
15 29 5.01
15 30 2.47
15 31 1.34
15 40 2.37
15 41 2.91
15 42 2.31
15 43 1.53
15 44 1.00
15 53 1.27
15 54 1.53
15 55 1.34
15 56 1.05
15 57 0.77
16 17 7.69
16 18 2.89
16 19 1.46
16 27 2.32
16 28 4.86
16 29 7.99
16 30 5.00
16 31 2.41
16 32 1.32
16 40 1.61
16 41 2.44
16 42 2.77
16 43 2.29
16 44 1.52
16 45 0.98
16 53 1.00
16 54 1.38
16 55 1.48
16 56 1.33
16 57 1.04
16 58 0.76
17 18 8.15
17 19 2.91
17 20 1.39
17 27 1.31
17 28 2.44
17 29 5.07
17 30 8.53
17 31 5.12
17 32 2.45
17 33 1.34
17 40 1.06
17 41 1.67
17 42 2.41
17 43 2.94
17 44 2.35
17 45 1.52
17 46 1.01
17 53 0.76
17 54 1.10
17 55 1.39
17 56 1.52
17 57 1.38
17 58 1.06
17 59 0.78
18 19 8.06
18 20 2.70
18 21 1.48
18 28 1.33
18 29 2.43
18 30 4.79
18 31 7.44
18 32 4.80
18 33 2.37
18 34 1.39
18 41 1.06
18 42 1.59
18 43 2.41
18 44 2.72
18 45 2.19
18 46 1.52
18 47 1.02
18 54 0.80
18 55 1.07
18 56 1.36
18 57 1.47
18 58 1.31
18 59 1.03
18 60 0.79
19 20 7.15
19 21 2.89
19 22 1.51
19 29 1.33
19 30 2.38
19 31 4.69
19 32 7.66
19 33 4.77
19 34 2.50
19 35 1.36
19 42 1.05
19 43 1.67
19 44 2.34
19 45 2.68
19 46 2.26
19 47 1.55
19 48 0.99
19 55 0.81
19 56 1.10
19 57 1.37
19 58 1.46
19 59 1.31
19 60 1.04
19 61 0.79
20 21 8.39
20 22 3.18
20 23 1.54
20 30 1.27
20 31 2.22
20 32 4.46
20 33 8.31
20 34 5.59
20 35 2.62
20 36 1.37
20 43 1.06
20 44 1.55
20 45 2.26
20 46 2.84
20 47 2.41
20 48 1.54
20 49 1.04
20 56 0.81
20 57 1.08
20 58 1.35
20 59 1.47
20 60 1.33
20 61 1.08
20 62 0.84
21 22 8.24
21 23 2.95
21 24 1.48
21 31 1.33
21 32 2.42
21 33 5.26
21 34 8.42
21 35 5.08
21 36 2.40
21 37 1.33
21 44 1.09
21 45 1.62
21 46 2.44
21 47 2.83
21 48 2.18
21 49 1.54
21 50 1.05
21 57 0.85
21 58 1.11
21 59 1.36
21 60 1.42
21 61 1.32
21 62 1.10
21 63 0.86
22 23 7.83
22 24 2.89
22 25 1.51
22 32 1.34
22 33 2.50
22 34 4.74
22 35 7.82
22 36 4.79
22 37 2.37
22 38 1.33
22 45 1.06
22 46 1.59
22 47 2.23
22 48 2.55
22 49 2.24
22 50 1.59
22 51 1.06
22 58 0.82
22 59 1.05
22 60 1.23
22 61 1.40
22 62 1.39
22 63 1.16
22 64 0.82
23 24 8.20
23 25 3.11
23 26 1.61
23 33 1.32
23 34 2.24
23 35 4.60
23 36 7.72
23 37 4.87
23 38 2.48
23 39 1.44
23 46 1.00
23 47 1.46
23 48 2.18
23 49 2.73
23 50 2.40
23 51 1.69
23 52 1.15
23 59 0.77
23 60 0.96
23 61 1.27
23 62 1.57
23 63 1.53
23 64 1.15
23 65 0.81
24 25 8.48
24 26 3.25
24 34 1.24
24 35 2.28
24 36 4.66
24 37 7.69
24 38 5.05
24 39 2.68
24 47 0.96
24 48 1.51
24 49 2.35
24 50 2.93
24 51 2.64
24 52 1.85
24 60 0.72
24 61 1.01
24 62 1.45
24 63 1.74
24 64 1.50
24 65 1.14
25 26 8.21
25 35 1.31
25 36 2.45
25 37 4.92
25 38 7.50
25 39 5.12
25 48 1.03
25 49 1.66
25 50 2.53
25 51 3.20
25 52 2.68
25 61 0.77
25 62 1.16
25 63 1.60
25 64 1.72
25 65 1.47
26 36 1.42
26 37 2.63
26 38 5.13
26 39 8.12
26 49 1.13
26 50 1.80
26 51 2.84
26 52 3.15
26 62 0.87
26 63 1.27
26 64 1.61
26 65 1.63
27 28 7.14
27 29 2.74
27 30 1.43
27 40 7.16
27 41 4.49
27 42 2.19
27 43 1.20
27 53 2.61
27 54 2.39
27 55 1.55
27 56 1.01
27 66 1.41
27 67 1.28
27 68 1.06
27 69 0.79
28 29 7.76
28 30 2.89
28 31 1.47
28 40 4.70
28 41 7.89
28 42 4.50
28 43 2.18
28 44 1.24
28 53 2.20
28 54 2.99
28 55 2.39
28 56 1.59
28 57 1.03
28 66 1.29
28 67 1.42
28 68 1.37
28 69 1.08
28 70 0.80
29 30 8.05
29 31 2.92
29 32 1.45
29 40 2.36
29 41 4.90
29 42 7.19
29 43 4.35
29 44 2.20
29 45 1.22
29 53 1.50
29 54 2.47
29 55 2.88
29 56 2.35
29 57 1.58
29 58 1.01
29 66 1.03
29 67 1.30
29 68 1.49
29 69 1.35
29 70 1.08
29 71 0.78
30 31 8.01
30 32 2.86
30 33 1.44
30 40 1.33
30 41 2.45
30 42 4.78
30 43 7.59
30 44 4.45
30 45 2.16
30 46 1.26
30 53 1.00
30 54 1.66
30 55 2.46
30 56 2.90
30 57 2.40
30 58 1.58
30 59 1.02
30 66 0.78
30 67 1.05
30 68 1.37
30 69 1.50
30 70 1.40
30 71 1.07
30 72 0.80
31 32 7.73
31 33 2.80
31 34 1.52
31 41 1.37
31 42 2.46
31 43 5.29
31 44 7.68
31 45 4.34
31 46 2.23
31 47 1.31
31 54 1.10
31 55 1.72
31 56 2.56
31 57 2.98
31 58 2.37
31 59 1.58
31 60 1.08
31 67 0.81
31 68 1.12
31 69 1.43
31 70 1.60
31 71 1.40
31 72 1.11
31 73 0.86
32 33 7.58
32 34 2.97
32 35 1.48
32 42 1.34
32 43 2.52
32 44 4.73
32 45 6.88
32 46 4.33
32 47 2.26
32 48 1.25
32 55 1.10
32 56 1.69
32 57 2.42
32 58 2.77
32 59 2.29
32 60 1.59
32 61 1.08
32 68 0.82
32 69 1.12
32 70 1.44
32 71 1.53
32 72 1.40
32 73 1.12
32 74 0.85
33 34 8.27
33 35 2.92
33 36 1.43
33 43 1.39
33 44 2.35
33 45 4.41
33 46 6.82
33 47 4.29
33 48 2.09
33 49 1.26
33 56 1.11
33 57 1.64
33 58 2.31
33 59 2.68
33 60 2.21
33 61 1.55
33 62 1.08
33 69 0.84
33 70 1.15
33 71 1.40
33 72 1.50
33 73 1.35
33 74 1.06
33 75 0.83
34 35 7.43
34 36 2.64
34 37 1.37
34 44 1.42
34 45 2.46
34 46 4.92
34 47 7.13
34 48 3.86
34 49 2.09
34 50 1.26
34 57 1.16
34 58 1.70
34 59 2.39
34 60 2.62
34 61 2.19
34 62 1.58
34 63 1.10
34 70 0.91
34 71 1.19
34 72 1.39
34 73 1.47
34 74 1.27
34 75 1.04
34 76 0.82
35 36 7.63
35 37 2.82
35 38 1.44
35 45 1.38
35 46 2.37
35 47 4.54
35 48 6.99
35 49 4.48
35 50 2.38
35 51 1.32
35 58 1.13
35 59 1.62
35 60 2.19
35 61 2.79
35 62 2.54
35 63 1.82
35 64 1.10
35 71 0.90
35 72 1.14
35 73 1.34
35 74 1.37
35 75 1.31
35 76 1.12
35 77 0.81
36 37 8.08
36 38 2.97
36 39 1.54
36 46 1.31
36 47 2.22
36 48 4.80
36 49 8.08
36 50 5.10
36 51 2.55
36 52 1.49
36 59 1.08
36 60 1.52
36 61 2.46
36 62 3.44
36 63 3.04
36 64 1.87
36 65 1.11
36 72 0.86
36 73 1.07
36 74 1.27
36 75 1.47
36 76 1.50
36 77 1.14
36 78 0.82
37 38 7.94
37 39 3.17
37 47 1.27
37 48 2.44
37 49 5.21
37 50 8.28
37 51 5.29
37 52 2.81
37 60 1.01
37 61 1.66
37 62 2.93
37 63 3.85
37 64 2.93
37 65 1.80
37 73 0.80
37 74 1.00
37 75 1.32
37 76 1.67
37 77 1.50
37 78 1.14
38 39 8.16
38 48 1.34
38 49 2.57
38 50 5.21
38 51 8.78
38 52 5.62
38 61 1.04
38 62 1.86
38 63 3.06
38 64 3.56
38 65 2.76
38 74 0.73
38 75 1.01
38 76 1.47
38 77 1.66
38 78 1.50
39 49 1.45
39 50 2.71
39 51 5.73
39 52 7.99
39 62 1.18
39 63 1.97
39 64 2.96
39 65 3.18
39 75 0.75
39 76 1.15
39 77 1.52
39 78 1.63
40 41 7.39
40 42 2.73
40 43 1.35
40 53 6.65
40 54 4.81
40 55 2.31
40 56 1.31
40 66 2.66
40 67 2.28
40 68 1.67
40 69 1.09
40 79 1.61
40 80 1.49
40 81 1.11
40 82 0.81
41 42 7.62
41 43 2.66
41 44 1.40
41 53 4.13
41 54 8.54
41 55 4.86
41 56 2.43
41 57 1.34
41 66 2.26
41 67 2.72
41 68 2.50
41 69 1.71
41 70 1.10
41 79 1.42
41 80 1.62
41 81 1.41
41 82 1.11
41 83 0.80
42 43 7.10
42 44 2.72
42 45 1.40
42 53 2.23
42 54 5.12
42 55 8.85
42 56 5.14
42 57 2.46
42 58 1.34
42 66 1.64
42 67 2.44
42 68 3.11
42 69 2.60
42 70 1.76
42 71 1.09
42 79 1.14
42 80 1.52
42 81 1.61
42 82 1.46
42 83 1.12
42 84 0.83
43 44 7.80
43 45 2.78
43 46 1.49
43 53 1.21
43 54 2.31
43 55 4.77
43 56 8.23
43 57 5.16
43 58 2.48
43 59 1.38
43 66 1.03
43 67 1.58
43 68 2.42
43 69 2.95
43 70 2.62
43 71 1.72
43 72 1.13
43 79 0.80
43 80 1.12
43 81 1.39
43 82 1.56
43 83 1.42
43 84 1.14
43 85 0.87
44 45 6.94
44 46 2.68
44 47 1.50
44 54 1.32
44 55 2.42
44 56 4.90
44 57 8.18
44 58 4.75
44 59 2.33
44 60 1.42
44 67 1.06
44 68 1.65
44 69 2.47
44 70 3.07
44 71 2.48
44 72 1.70
44 73 1.18
44 80 0.83
44 81 1.11
44 82 1.43
44 83 1.57
44 84 1.45
44 85 1.19
44 86 0.92
45 46 6.82
45 47 2.75
45 48 1.45
45 55 1.34
45 56 2.39
45 57 4.49
45 58 7.50
45 59 4.50
45 60 2.38
45 61 1.42
45 68 1.07
45 69 1.65
45 70 2.47
45 71 2.86
45 72 2.44
45 73 1.74
45 74 1.20
45 81 0.82
45 82 1.13
45 83 1.44
45 84 1.61
45 85 1.51
45 86 1.23
45 87 0.95
46 47 6.98
46 48 2.52
46 49 1.42
46 56 1.38
46 57 2.32
46 58 4.34
46 59 7.18
46 60 4.34
46 61 2.25
46 62 1.37
46 69 1.11
46 70 1.69
46 71 2.36
46 72 2.74
46 73 2.32
46 74 1.63
46 75 1.15
46 82 0.86
46 83 1.17
46 84 1.49
46 85 1.61
46 86 1.46
46 87 1.19
46 88 0.92
47 48 6.35
47 49 2.53
47 50 1.42
47 57 1.42
47 58 2.34
47 59 4.41
47 60 6.82
47 61 4.23
47 62 2.25
47 63 1.39
47 70 1.19
47 71 1.73
47 72 2.34
47 73 2.64
47 74 2.15
47 75 1.59
47 76 1.13
47 83 0.93
47 84 1.26
47 85 1.50
47 86 1.55
47 87 1.41
47 88 1.13
47 89 0.89
48 49 7.69
48 50 3.02
48 51 1.49
48 58 1.38
48 59 2.22
48 60 4.03
48 61 8.40
48 62 5.34
48 63 2.78
48 64 1.44
48 71 1.19
48 72 1.65
48 73 2.24
48 74 2.53
48 75 2.34
48 76 1.80
48 77 1.12
48 84 0.97
48 85 1.23
48 86 1.44
48 87 1.54
48 88 1.39
48 89 1.16
48 90 0.84
49 50 8.64
49 51 3.17
49 52 1.68
49 59 1.35
49 60 2.13
49 61 4.83
49 62 10.50
49 63 6.47
49 64 2.88
49 65 1.44
49 72 1.14
49 73 1.58
49 74 2.16
49 75 2.86
49 76 2.85
49 77 1.83
49 78 1.13
49 85 0.94
49 86 1.15
49 87 1.40
49 88 1.47
49 89 1.41
49 90 1.14
49 91 0.87
50 51 8.43
50 52 3.50
50 60 1.29
50 61 2.45
50 62 6.21
50 63 11.60
50 64 6.31
50 65 2.73
50 73 1.08
50 74 1.53
50 75 2.44
50 76 3.56
50 77 2.86
50 78 1.82
50 86 0.87
50 87 1.11
50 88 1.31
50 89 1.50
50 90 1.50
50 91 1.21
51 52 10.00
51 61 1.29
51 62 2.73
51 63 6.05
51 64 9.50
51 65 5.58
51 74 0.95
51 75 1.49
51 76 2.65
51 77 3.23
51 78 2.70
51 87 0.77
51 88 0.96
51 89 1.25
51 90 1.61
51 91 1.54
52 62 1.52
52 63 3.01
52 64 6.25
52 65 8.57
52 75 1.01
52 76 1.84
52 77 2.86
52 78 3.25
52 88 0.75
52 89 1.03
52 90 1.56
52 91 1.73
53 54 6.78
53 55 2.64
53 56 1.42
53 66 6.91
53 67 4.47
53 68 2.47
53 69 1.39
53 79 3.16
53 80 2.74
53 81 1.73
53 82 1.10
53 92 1.71
53 93 1.51
53 94 1.16
53 95 0.83
54 55 7.11
54 56 2.86
54 57 1.48
54 66 4.28
54 67 6.24
54 68 4.56
54 69 2.45
54 70 1.37
54 79 2.43
54 80 2.99
54 81 2.38
54 82 1.64
54 83 1.06
54 92 1.43
54 93 1.48
54 94 1.34
54 95 1.06
54 96 0.79
55 56 8.17
55 57 2.94
55 58 1.49
55 66 2.34
55 67 4.33
55 68 7.02
55 69 4.80
55 70 2.49
55 71 1.35
55 79 1.64
55 80 2.50
55 81 2.82
55 82 2.40
55 83 1.63
55 84 1.07
55 92 1.11
55 93 1.32
55 94 1.45
55 95 1.34
55 96 1.08
55 97 0.80
56 57 7.78
56 58 2.82
56 59 1.47
56 66 1.37
56 67 2.37
56 68 4.50
56 69 6.78
56 70 4.70
56 71 2.34
56 72 1.34
56 79 1.07
56 80 1.68
56 81 2.33
56 82 2.73
56 83 2.29
56 84 1.59
56 85 1.09
56 92 0.81
56 93 1.02
56 94 1.28
56 95 1.41
56 96 1.32
56 97 1.06
56 98 0.83
57 58 6.87
57 59 2.60
57 60 1.54
57 67 1.34
57 68 2.34
57 69 4.42
57 70 6.93
57 71 4.23
57 72 2.21
57 73 1.40
57 80 1.08
57 81 1.60
57 82 2.31
57 83 2.64
57 84 2.22
57 85 1.60
57 86 1.14
57 93 0.75
57 94 1.00
57 95 1.27
57 96 1.43
57 97 1.32
57 98 1.10
57 99 0.90
58 59 6.18
58 60 2.66
58 61 1.53
58 68 1.31
58 69 2.27
58 70 4.24
58 71 6.14
58 72 3.92
58 73 2.25
58 74 1.44
58 81 1.04
58 82 1.58
58 83 2.21
58 84 2.57
58 85 2.23
58 86 1.65
58 87 1.19
58 94 0.75
58 95 1.02
58 96 1.32
58 97 1.45
58 98 1.39
58 99 1.19
58 100 0.95
59 60 6.53
59 61 2.55
59 62 1.48
59 69 1.31
59 70 2.20
59 71 3.76
59 72 5.85
59 73 3.91
59 74 2.20
59 75 1.43
59 82 1.06
59 83 1.58
59 84 2.23
59 85 2.52
59 86 2.18
59 87 1.63
59 88 1.18
59 95 0.79
59 96 1.09
59 97 1.37
59 98 1.53
59 99 1.44
59 100 1.20
59 101 0.96
60 61 5.74
60 62 2.42
60 63 1.44
60 70 1.43
60 71 2.28
60 72 3.86
60 73 5.97
60 74 3.62
60 75 2.13
60 76 1.37
60 83 1.19
60 84 1.74
60 85 2.26
60 86 2.48
60 87 2.11
60 88 1.57
60 89 1.16
60 96 0.90
60 97 1.20
60 98 1.47
60 99 1.55
60 100 1.40
60 101 1.19
60 102 0.90
61 62 6.72
61 63 2.87
61 64 1.43
61 71 1.44
61 72 2.16
61 73 3.55
61 74 4.90
61 75 3.73
61 76 2.31
61 77 1.30
61 84 1.23
61 85 1.65
61 86 2.10
61 87 2.37
61 88 2.05
61 89 1.60
61 90 1.03
61 97 0.94
61 98 1.21
61 99 1.39
61 100 1.46
61 101 1.39
61 102 1.11
61 103 0.84
62 63 9.14
62 64 3.25
62 65 1.53
62 72 1.38
62 73 2.06
62 74 3.48
62 75 5.99
62 76 5.01
62 77 2.53
62 78 1.35
62 85 1.18
62 86 1.56
62 87 2.11
62 88 2.36
62 89 2.22
62 90 1.59
62 91 1.09
62 98 0.94
62 99 1.14
62 100 1.34
62 101 1.45
62 102 1.30
62 103 1.07
62 104 0.83
63 64 9.15
63 65 3.17
63 73 1.33
63 74 2.12
63 75 4.43
63 76 8.49
63 77 5.34
63 78 2.54
63 86 1.11
63 87 1.56
63 88 2.07
63 89 2.63
63 90 2.47
63 91 1.74
63 99 0.88
63 100 1.09
63 101 1.29
63 102 1.34
63 103 1.50
63 104 1.12
64 65 9.07
64 74 1.21
64 75 2.24
64 76 5.70
64 77 9.27
64 78 5.69
64 87 1.03
64 88 1.45
64 89 2.28
64 90 3.39
64 91 2.95
64 100 0.80
64 101 1.01
64 102 1.24
64 103 1.53
64 104 1.56
65 75 1.23
65 76 2.71
65 77 5.80
65 78 8.71
65 88 0.98
65 89 1.56
65 90 2.92
65 91 3.53
65 101 0.76
65 102 1.00
65 103 1.43
65 104 1.72
66 67 7.82
66 68 3.10
66 69 1.58
66 79 7.13
66 80 5.27
66 81 2.57
66 82 1.42
66 92 3.03
66 93 2.58
66 94 1.78
66 95 1.13
66 105 1.64
66 106 1.49
66 107 1.16
66 108 0.83
67 68 7.81
67 69 2.94
67 70 1.48
67 79 4.84
67 80 8.49
67 81 4.74
67 82 2.40
67 83 1.33
67 92 2.62
67 93 2.91
67 94 2.43
67 95 1.65
67 96 1.07
67 105 1.49
67 106 1.59
67 107 1.40
67 108 1.08
67 109 0.80
68 69 7.42
68 70 2.76
68 71 1.40
68 79 2.46
68 80 4.88
68 81 6.88
68 82 4.34
68 83 2.24
68 84 1.26
68 92 1.70
68 93 2.27
68 94 2.63
68 95 2.25
68 96 1.56
68 97 1.01
68 105 1.09
68 106 1.33
68 107 1.42
68 108 1.28
68 109 1.02
68 110 0.76
69 70 7.01
69 71 2.62
69 72 1.38
69 79 1.36
69 80 2.46
69 81 4.55
69 82 7.00
69 83 4.33
69 84 2.21
69 85 1.28
69 92 1.08
69 93 1.54
69 94 2.22
69 95 2.64
69 96 2.27
69 97 1.55
69 98 1.04
69 105 0.79
69 106 1.02
69 107 1.28
69 108 1.39
69 109 1.27
69 110 1.02
69 111 0.79
70 71 6.52
70 72 2.47
70 73 1.49
70 80 1.33
70 81 2.30
70 82 4.45
70 83 6.48
70 84 4.04
70 85 2.16
70 86 1.36
70 93 0.98
70 94 1.48
70 95 2.16
70 96 2.61
70 97 2.17
70 98 1.54
70 99 1.12
70 106 0.74
70 107 0.99
70 108 1.23
70 109 1.35
70 110 1.27
70 111 1.06
70 112 0.86
71 72 5.60
71 73 2.52
71 74 1.58
71 81 1.27
71 82 2.24
71 83 4.10
71 84 6.28
71 85 3.91
71 86 2.19
71 87 1.42
71 94 0.97
71 95 1.48
71 96 2.18
71 97 2.50
71 98 2.16
71 99 1.65
71 100 1.20
71 107 0.73
71 108 0.98
71 109 1.23
71 110 1.39
71 111 1.35
71 112 1.16
71 113 0.93
72 73 5.37
72 74 2.48
72 75 1.56
72 82 1.27
72 83 2.13
72 84 3.74
72 85 5.36
72 86 3.47
72 87 2.09
72 88 1.40
72 95 0.99
72 96 1.50
72 97 2.08
72 98 2.42
72 99 2.15
72 100 1.61
72 101 1.20
72 108 0.74
72 109 0.99
72 110 1.27
72 111 1.46
72 112 1.40
72 113 1.17
72 114 0.90
73 74 5.58
73 75 2.49
73 76 1.50
73 83 1.40
73 84 2.25
73 85 3.58
73 86 5.11
73 87 3.38
73 88 2.08
73 89 1.43
73 96 1.11
73 97 1.60
73 98 2.18
73 99 2.40
73 100 2.08
73 101 1.62
73 102 1.14
73 109 0.80
73 110 1.10
73 111 1.41
73 112 1.51
73 113 1.38
73 114 1.11
73 115 0.88
74 75 5.76
74 76 2.60
74 77 1.38
74 84 1.51
74 85 2.23
74 86 3.61
74 87 5.22
74 88 3.58
74 89 2.28
74 90 1.28
74 97 1.21
74 98 1.70
74 99 2.14
74 100 2.43
74 101 2.23
74 102 1.63
74 103 1.13
74 110 0.90
74 111 1.22
74 112 1.45
74 113 1.50
74 114 1.36
74 115 1.13
74 116 0.85
75 76 7.34
75 77 2.77
75 78 1.37
75 85 1.50
75 86 2.26
75 87 4.03
75 88 5.80
75 89 4.28
75 90 2.20
75 91 1.30
75 98 1.27
75 99 1.69
75 100 2.29
75 101 2.68
75 102 2.26
75 103 1.63
75 104 1.11
75 111 1.00
75 112 1.26
75 113 1.45
75 114 1.53
75 115 1.39
75 116 1.09
75 117 0.82
76 77 9.77
76 78 3.26
76 86 1.43
76 87 2.34
76 88 4.14
76 89 7.39
76 90 5.23
76 91 2.72
76 99 1.19
76 100 1.67
76 101 2.26
76 102 2.59
76 103 2.42
76 104 1.82
76 112 0.95
76 113 1.16
76 114 1.38
76 115 1.46
76 116 1.50
76 117 1.08
77 78 8.97
77 87 1.33
77 88 2.16
77 89 4.68
77 90 9.45
77 91 5.99
77 100 1.08
77 101 1.50
77 102 2.17
77 103 3.01
77 104 2.90
77 113 0.83
77 114 1.06
77 115 1.29
77 116 1.42
77 117 1.40
78 88 1.22
78 89 2.30
78 90 5.90
78 91 9.22
78 101 1.00
78 102 1.50
78 103 2.54
78 104 3.34
78 114 0.79
78 115 1.01
78 116 1.27
78 117 1.49
79 80 6.27
79 81 2.71
79 82 1.42
79 92 6.14
79 93 4.20
79 94 2.32
79 95 1.29
79 105 2.72
79 106 2.32
79 107 1.60
79 108 1.02
79 118 1.54
79 119 1.45
79 120 1.12
79 121 0.78
80 81 7.05
80 82 2.75
80 83 1.41
80 92 4.28
80 93 6.06
80 94 4.36
80 95 2.31
80 96 1.30
80 105 2.36
80 106 2.72
80 107 2.28
80 108 1.56
80 109 1.03
80 118 1.39
80 119 1.55
80 120 1.40
80 121 1.05
80 122 0.75
81 82 7.29
81 83 2.74
81 84 1.39
81 92 2.40
81 93 4.29
81 94 6.85
81 95 4.75
81 96 2.41
81 97 1.31
81 105 1.65
81 106 2.36
81 107 2.81
81 108 2.38
81 109 1.65
81 110 1.05
81 118 1.09
81 119 1.37
81 120 1.54
81 121 1.41
81 122 1.05
81 123 0.79
82 83 7.29
82 84 2.68
82 85 1.40
82 92 1.33
82 93 2.23
82 94 4.32
82 95 6.95
82 96 4.67
82 97 2.33
82 98 1.30
82 105 1.04
82 106 1.57
82 107 2.30
82 108 2.74
82 109 2.33
82 110 1.59
82 111 1.05
82 118 0.77
82 119 1.01
82 120 1.33
82 121 1.46
82 122 1.29
82 123 1.04
82 124 0.77
83 84 6.79
83 85 2.59
83 86 1.49
83 93 1.23
83 94 2.21
83 95 4.39
83 96 7.20
83 97 4.45
83 98 2.25
83 99 1.39
83 106 0.99
83 107 1.53
83 108 2.26
83 109 2.69
83 110 2.30
83 111 1.61
83 112 1.12
83 119 0.72
83 120 1.00
83 121 1.29
83 122 1.39
83 123 1.28
83 124 1.03
83 125 0.82
84 85 6.39
84 86 2.54
84 87 1.54
84 94 1.21
84 95 2.19
84 96 4.16
84 97 5.92
84 98 3.81
84 99 2.24
84 100 1.45
84 107 0.97
84 108 1.47
84 109 2.08
84 110 2.46
84 111 2.17
84 112 1.62
84 113 1.19
84 120 0.71
84 121 0.97
84 122 1.19
84 123 1.29
84 124 1.23
84 125 1.07
84 126 0.88
85 86 5.25
85 87 2.40
85 88 1.53
85 95 1.24
85 96 2.14
85 97 3.68
85 98 5.32
85 99 3.67
85 100 2.18
85 101 1.46
85 108 0.97
85 109 1.41
85 110 2.03
85 111 2.44
85 112 2.17
85 113 1.64
85 114 1.14
85 121 0.71
85 122 0.93
85 123 1.14
85 124 1.30
85 125 1.30
85 126 1.12
85 127 0.89
86 87 5.12
86 88 2.39
86 89 1.57
86 96 1.33
86 97 2.15
86 98 3.63
86 99 5.21
86 100 3.54
86 101 2.16
86 102 1.38
86 109 1.01
86 110 1.52
86 111 2.18
86 112 2.47
86 113 2.13
86 114 1.53
86 115 1.10
86 122 0.74
86 123 0.96
86 124 1.24
86 125 1.41
86 126 1.32
86 127 1.10
86 128 0.86
87 88 5.53
87 89 2.72
87 90 1.41
87 97 1.38
87 98 2.14
87 99 3.34
87 100 5.41
87 101 3.83
87 102 2.20
87 103 1.39
87 110 1.09
87 111 1.61
87 112 2.12
87 113 2.38
87 114 2.06
87 115 1.56
87 116 1.09
87 123 0.76
87 124 1.03
87 125 1.30
87 126 1.38
87 127 1.29
87 128 1.09
87 129 0.82
88 89 6.51
88 90 2.44
88 91 1.37
88 98 1.45
88 99 2.12
88 100 3.77
88 101 6.00
88 102 3.87
88 103 2.27
88 104 1.36
88 111 1.21
88 112 1.64
88 113 2.14
88 114 2.46
88 115 2.17
88 116 1.57
88 117 1.06
88 124 0.85
88 125 1.13
88 126 1.31
88 127 1.42
88 128 1.34
88 129 1.06
88 130 0.77
89 90 6.85
89 91 2.76
89 99 1.45
89 100 2.31
89 101 3.94
89 102 6.17
89 103 4.52
89 104 2.47
89 112 1.22
89 113 1.63
89 114 2.24
89 115 2.56
89 116 2.19
89 117 1.57
89 125 0.91
89 126 1.10
89 127 1.33
89 128 1.44
89 129 1.50
89 130 1.00
90 91 9.26
90 100 1.28
90 101 2.00
90 102 3.85
90 103 7.44
90 104 5.75
90 113 1.03
90 114 1.49
90 115 2.05
90 116 2.51
90 117 2.40
90 126 0.78
90 127 1.00
90 128 1.22
90 129 1.31
90 130 1.23
91 101 1.22
91 102 2.15
91 103 4.78
91 104 8.01
91 114 1.02
91 115 1.45
91 116 2.09
91 117 2.65
91 127 0.75
91 128 0.97
91 129 1.16
91 130 1.29
92 93 7.22
92 94 3.00
92 95 1.49
92 105 6.78
92 106 4.62
92 107 2.50
92 108 1.36
92 118 3.05
92 119 2.76
92 120 1.84
92 121 1.11
92 131 1.61
92 132 1.41
92 133 1.13
92 134 0.79
93 94 7.38
93 95 2.77
93 96 1.40
93 105 5.00
93 106 7.45
93 107 4.79
93 108 2.39
93 109 1.34
93 118 2.71
93 119 3.34
93 120 2.76
93 121 1.72
93 122 1.05
93 131 1.52
93 132 1.59
93 133 1.43
93 134 1.07
93 135 0.79
94 95 7.31
94 96 2.80
94 97 1.40
94 105 2.57
94 106 4.97
94 107 7.86
94 108 4.90
94 109 2.48
94 110 1.33
94 118 1.75
94 119 2.57
94 120 3.24
94 121 2.62
94 122 1.66
94 123 1.08
94 131 1.14
94 132 1.38
94 133 1.50
94 134 1.36
94 135 1.09
94 136 0.76
95 96 7.55
95 97 2.78
95 98 1.40
95 105 1.34
95 106 2.41
95 107 4.81
95 108 7.52
95 109 4.90
95 110 2.41
95 111 1.30
95 118 1.05
95 119 1.57
95 120 2.51
95 121 3.06
95 122 2.44
95 123 1.68
95 124 1.04
95 131 0.78
95 132 1.02
95 133 1.29
95 134 1.48
95 135 1.40
95 136 1.04
95 137 0.76
96 97 7.01
96 98 2.62
96 99 1.45
96 106 1.29
96 107 2.37
96 108 4.58
96 109 6.90
96 110 4.43
96 111 2.25
96 112 1.32
96 119 0.97
96 120 1.57
96 121 2.36
96 122 2.70
96 123 2.28
96 124 1.53
96 125 1.04
96 132 0.72
96 133 0.96
96 134 1.28
96 135 1.47
96 136 1.27
96 137 0.99
96 138 0.76
97 98 6.24
97 99 2.54
97 100 1.54
97 107 1.28
97 108 2.29
97 109 4.15
97 110 6.41
97 111 4.16
97 112 2.21
97 113 1.42
97 120 0.98
97 121 1.52
97 122 2.16
97 123 2.48
97 124 2.12
97 125 1.54
97 126 1.13
97 133 0.69
97 134 0.97
97 135 1.27
97 136 1.34
97 137 1.21
97 138 1.00
97 139 0.81
98 99 5.58
98 100 2.56
98 101 1.57
98 108 1.24
98 109 2.08
98 110 3.93
98 111 5.92
98 112 3.79
98 113 2.25
98 114 1.38
98 121 0.95
98 122 1.39
98 123 1.93
98 124 2.31
98 125 2.12
98 126 1.62
98 127 1.15
98 134 0.69
98 135 0.95
98 136 1.17
98 137 1.28
98 138 1.23
98 139 1.05
98 140 0.87
99 100 5.75
99 101 2.52
99 102 1.48
99 109 1.23
99 110 2.11
99 111 3.82
99 112 5.49
99 113 3.83
99 114 2.09
99 115 1.33
99 122 0.95
99 123 1.35
99 124 1.99
99 125 2.42
99 126 2.15
99 127 1.59
99 128 1.11
99 135 0.72
99 136 0.96
99 137 1.21
99 138 1.36
99 139 1.28
99 140 1.11
99 141 0.80
100 101 6.51
100 102 2.52
100 103 1.48
100 110 1.36
100 111 2.31
100 112 3.91
100 113 6.35
100 114 3.74
100 115 2.10
100 116 1.32
100 123 0.99
100 124 1.52
100 125 2.16
100 126 2.42
100 127 2.12
100 128 1.56
100 129 1.05
100 136 0.77
100 137 1.03
100 138 1.30
100 139 1.39
100 140 1.34
100 141 1.01
100 142 0.79
101 102 5.52
101 103 2.51
101 104 1.42
101 111 1.47
101 112 2.25
101 113 3.82
101 114 5.67
101 115 3.64
101 116 2.11
101 117 1.27
101 124 1.08
101 125 1.58
101 126 2.02
101 127 2.34
101 128 2.10
101 129 1.49
101 130 0.98
101 137 0.81
101 138 1.07
101 139 1.25
101 140 1.40
101 141 1.21
101 142 1.00
101 143 0.76
102 103 7.04
102 104 2.79
102 112 1.41
102 113 2.14
102 114 3.96
102 115 6.02
102 116 4.12
102 117 2.26
102 125 1.13
102 126 1.50
102 127 2.11
102 128 2.56
102 129 2.17
102 130 1.48
102 138 0.84
102 139 1.05
102 140 1.34
102 141 1.37
102 142 1.50
102 143 1.03
103 104 8.75
103 113 1.33
103 114 2.24
103 115 4.01
103 116 6.45
103 117 4.73
103 126 1.05
103 127 1.50
103 128 2.10
103 129 2.42
103 130 2.11
103 139 0.80
103 140 1.06
103 141 1.25
103 142 1.38
103 143 1.27
104 114 1.34
104 115 2.20
104 116 4.33
104 117 7.33
104 127 1.01
104 128 1.47
104 129 2.04
104 130 2.45
104 140 0.79
104 141 1.01
104 142 1.25
104 143 1.33
105 106 6.85
105 107 2.93
105 108 1.46
105 118 7.38
105 119 4.74
105 120 2.65
105 121 1.38
105 131 3.05
105 132 2.46
105 133 1.74
105 134 1.05
105 144 1.48
105 145 1.38
105 146 1.03
105 147 0.77
106 107 7.75
106 108 2.92
106 109 1.49
106 118 4.77
106 119 8.66
106 120 5.65
106 121 2.57
106 122 1.34
106 131 2.58
106 132 3.01
106 133 2.60
106 134 1.66
106 135 1.07
106 144 1.39
106 145 1.55
106 146 1.29
106 147 1.03
106 148 0.76
107 108 7.86
107 109 3.03
107 110 1.46
107 118 2.47
107 119 4.69
107 120 9.20
107 121 5.33
107 122 2.48
107 123 1.40
107 131 1.71
107 132 2.44
107 133 2.93
107 134 2.46
107 135 1.69
107 136 1.02
107 144 1.07
107 145 1.36
107 146 1.35
107 147 1.27
107 148 1.00
107 149 0.75
108 109 8.32
108 110 2.89
108 111 1.38
108 118 1.32
108 119 2.25
108 120 4.99
108 121 8.39
108 122 4.99
108 123 2.58
108 124 1.32
108 131 1.05
108 132 1.57
108 133 2.33
108 134 2.96
108 135 2.58
108 136 1.61
108 137 1.02
108 144 0.76
108 145 1.03
108 146 1.19
108 147 1.37
108 148 1.25
108 149 1.02
108 150 0.75
109 110 6.99
109 111 2.53
109 112 1.32
109 119 1.25
109 120 2.42
109 121 4.96
109 122 7.42
109 123 4.77
109 124 2.24
109 125 1.23
109 132 1.01
109 133 1.55
109 134 2.48
109 135 3.09
109 136 2.34
109 137 1.51
109 138 0.98
109 145 0.75
109 146 0.95
109 147 1.22
109 148 1.34
109 149 1.27
109 150 0.99
109 151 0.75
110 111 6.42
110 112 2.47
110 113 1.47
110 120 1.26
110 121 2.33
110 122 4.52
110 123 6.60
110 124 4.24
110 125 2.16
110 126 1.36
110 133 0.96
110 134 1.56
110 135 2.43
110 136 2.71
110 137 2.15
110 138 1.47
110 139 1.04
110 146 0.69
110 147 0.94
110 148 1.17
110 149 1.35
110 150 1.22
110 151 1.00
110 152 0.78
111 112 6.08
111 113 2.70
111 114 1.52
111 121 1.18
111 122 2.07
111 123 3.69
111 124 5.90
111 125 4.09
111 126 2.38
111 127 1.47
111 134 0.93
111 135 1.45
111 136 2.08
111 137 2.45
111 138 2.12
111 139 1.58
111 140 1.17
111 147 0.66
111 148 0.87
111 149 1.16
111 150 1.29
111 151 1.27
111 152 1.07
111 153 0.78
112 113 5.99
112 114 2.50
112 115 1.48
112 122 1.15
112 123 1.89
112 124 3.56
112 125 5.74
112 126 4.13
112 127 2.33
112 128 1.41
112 135 0.93
112 136 1.40
112 137 2.05
112 138 2.49
112 139 2.20
112 140 1.69
112 141 1.07
112 148 0.66
112 149 0.93
112 150 1.20
112 151 1.42
112 152 1.36
112 153 1.02
112 154 0.80
113 114 5.99
113 115 2.43
113 116 1.43
113 123 1.22
113 124 2.18
113 125 4.01
113 126 6.26
113 127 4.10
113 128 2.24
113 129 1.31
113 136 1.03
113 137 1.56
113 138 2.25
113 139 2.55
113 140 2.32
113 141 1.52
113 142 1.04
113 149 0.76
113 150 1.03
113 151 1.37
113 152 1.51
113 153 1.26
113 154 1.03
113 155 0.77
114 115 6.43
114 116 2.70
114 117 1.48
114 124 1.32
114 125 2.21
114 126 3.68
114 127 6.43
114 128 4.54
114 129 2.36
114 130 1.32
114 137 1.07
114 138 1.60
114 139 2.15
114 140 2.73
114 141 2.22
114 142 1.61
114 143 1.08
114 150 0.79
114 151 1.10
114 152 1.37
114 153 1.39
114 154 1.33
114 155 1.05
114 156 0.81
115 116 6.84
115 117 2.68
115 125 1.38
115 126 2.10
115 127 3.92
115 128 6.59
115 129 4.52
115 130 2.21
115 138 1.10
115 139 1.54
115 140 2.29
115 141 2.59
115 142 2.31
115 143 1.61
115 151 0.83
115 152 1.09
115 153 1.30
115 154 1.48
115 155 1.50
115 156 1.09
116 117 7.84
116 126 1.30
116 127 2.17
116 128 4.12
116 129 6.77
116 130 4.45
116 139 1.07
116 140 1.60
116 141 2.24
116 142 2.73
116 143 2.37
116 152 0.83
116 153 1.08
116 154 1.41
116 155 1.52
116 156 1.40
117 127 1.29
117 128 2.20
117 129 4.15
117 130 6.96
117 140 1.08
117 141 1.60
117 142 2.32
117 143 2.72
117 153 0.83
117 154 1.15
117 155 1.41
117 156 1.51
118 119 7.92
118 120 3.04
118 121 1.48
118 131 6.79
118 132 4.31
118 133 2.46
118 134 1.30
118 144 2.55
118 145 2.25
118 146 1.50
118 147 1.01
118 157 1.43
118 158 1.30
118 159 1.07
118 160 0.81
119 120 7.09
119 121 2.68
119 122 1.34
119 131 4.80
119 132 6.49
119 133 4.43
119 134 2.15
119 135 1.23
119 144 2.31
119 145 2.70
119 146 2.07
119 147 1.44
119 148 0.95
119 157 1.36
119 158 1.43
119 159 1.33
119 160 1.05
119 161 0.75
120 121 7.76
120 122 2.76
120 123 1.45
120 131 2.52
120 132 4.64
120 133 6.92
120 134 4.36
120 135 2.27
120 136 1.21
120 144 1.63
120 145 2.37
120 146 2.41
120 147 2.10
120 148 1.44
120 149 0.96
120 157 1.09
120 158 1.30
120 159 1.46
120 160 1.34
120 161 1.00
120 162 0.75
121 122 7.40
121 123 2.95
121 124 1.38
121 131 1.36
121 132 2.37
121 133 4.61
121 134 7.75
121 135 4.74
121 136 2.21
121 137 1.22
121 144 1.05
121 145 1.59
121 146 2.10
121 147 2.60
121 148 2.14
121 149 1.49
121 150 0.97
121 157 0.78
121 158 1.01
121 159 1.35
121 160 1.49
121 161 1.28
121 162 1.02
121 163 0.74
122 123 8.39
122 124 2.74
122 125 1.33
122 132 1.30
122 133 2.31
122 134 5.18
122 135 9.47
122 136 4.74
122 137 2.27
122 138 1.22
122 145 1.03
122 146 1.49
122 147 2.31
122 148 2.69
122 149 2.33
122 150 1.54
122 151 1.00
122 158 0.75
122 159 1.07
122 160 1.38
122 161 1.45
122 162 1.33
122 163 1.03
122 164 0.77
123 124 7.01
123 125 2.45
123 126 1.39
123 133 1.31
123 134 2.58
123 135 5.68
123 136 8.35
123 137 4.48
123 138 2.13
123 139 1.26
123 146 1.01
123 147 1.60
123 148 2.34
123 149 2.93
123 150 2.31
123 151 1.55
123 152 1.02
123 159 0.80
123 160 1.09
123 161 1.34
123 162 1.49
123 163 1.33
123 164 1.05
123 165 0.76
124 125 6.88
124 126 2.79
124 127 1.56
124 134 1.29
124 135 2.43
124 136 5.16
124 137 8.17
124 138 4.47
124 139 2.38
124 140 1.45
124 147 0.99
124 148 1.54
124 149 2.48
124 150 2.92
124 151 2.47
124 152 1.68
124 153 1.03
124 160 0.77
124 161 1.03
124 162 1.35
124 163 1.52
124 164 1.40
124 165 1.08
124 166 0.80
125 126 7.19
125 127 2.91
125 128 1.59
125 135 1.24
125 136 2.31
125 137 4.64
125 138 7.05
125 139 4.38
125 140 2.55
125 141 1.38
125 148 0.96
125 149 1.57
125 150 2.36
125 151 2.97
125 152 2.50
125 153 1.57
125 154 1.08
125 161 0.74
125 162 1.02
125 163 1.34
125 164 1.53
125 165 1.38
125 166 1.09
125 167 0.80
126 127 6.64
126 128 2.65
126 129 1.42
126 136 1.36
126 137 2.44
126 138 4.60
126 139 6.76
126 140 4.69
126 141 2.22
126 142 1.29
126 149 1.07
126 150 1.66
126 151 2.55
126 152 3.00
126 153 2.21
126 154 1.55
126 155 1.01
126 162 0.78
126 163 1.08
126 164 1.41
126 165 1.51
126 166 1.35
126 167 1.04
126 168 0.78
127 128 6.71
127 129 2.61
127 130 1.37
127 137 1.44
127 138 2.49
127 139 4.51
127 140 7.85
127 141 4.25
127 142 2.22
127 143 1.29
127 150 1.11
127 151 1.75
127 152 2.52
127 153 2.68
127 154 2.30
127 155 1.52
127 156 1.03
127 163 0.81
127 164 1.11
127 165 1.37
127 166 1.49
127 167 1.32
127 168 1.04
127 169 0.77
128 129 6.97
128 130 2.58
128 138 1.43
128 139 2.35
128 140 4.79
128 141 7.31
128 142 4.67
128 143 2.31
128 151 1.13
128 152 1.65
128 153 2.37
128 154 2.93
128 155 2.35
128 156 1.63
128 164 0.82
128 165 1.08
128 166 1.39
128 167 1.51
128 168 1.50
128 169 1.09
129 130 6.50
129 139 1.33
129 140 2.34
129 141 4.58
129 142 7.45
129 143 4.44
129 152 1.10
129 153 1.65
129 154 2.53
129 155 2.88
129 156 2.42
129 165 0.82
129 166 1.13
129 167 1.44
129 168 1.62
129 169 1.45
130 140 1.33
130 141 2.37
130 142 4.46
130 143 7.55
130 153 1.13
130 154 1.77
130 155 2.51
130 156 2.91
130 166 0.86
130 167 1.18
130 168 1.52
130 169 1.64
131 132 6.53
131 133 2.95
131 134 1.46
131 144 6.15
131 145 4.24
131 146 2.24
131 147 1.31
131 157 2.66
131 158 2.26
131 159 1.64
131 160 1.10
131 170 1.36
131 171 1.30
131 172 1.03
131 173 0.75
132 133 7.34
132 134 2.77
132 135 1.43
132 144 4.29
132 145 6.63
132 146 4.12
132 147 2.27
132 148 1.31
132 157 2.37
132 158 2.72
132 159 2.43
132 160 1.71
132 161 1.08
132 170 1.29
132 171 1.45
132 172 1.31
132 173 1.01
132 174 0.77
133 134 7.01
133 135 2.71
133 136 1.33
133 144 2.41
133 145 4.59
133 146 5.72
133 147 4.15
133 148 2.21
133 149 1.24
133 157 1.65
133 158 2.27
133 159 2.82
133 160 2.44
133 161 1.59
133 162 1.04
133 170 1.03
133 171 1.30
133 172 1.41
133 173 1.26
133 174 1.01
133 175 0.74
134 135 7.96
134 136 2.75
134 137 1.39
134 144 1.31
134 145 2.32
134 146 4.02
134 147 6.73
134 148 4.40
134 149 2.30
134 150 1.27
134 157 1.04
134 158 1.53
134 159 2.40
134 160 2.95
134 161 2.37
134 162 1.63
134 163 1.02
134 170 0.74
134 171 1.01
134 172 1.29
134 173 1.40
134 174 1.30
134 175 1.01
134 176 0.77
135 136 7.46
135 137 2.78
135 138 1.37
135 145 1.30
135 146 2.20
135 147 4.41
135 148 6.39
135 149 4.43
135 150 2.25
135 151 1.26
135 158 1.00
135 159 1.61
135 160 2.38
135 161 2.69
135 162 2.32
135 163 1.55
135 164 1.02
135 171 0.74
135 172 1.00
135 173 1.25
135 174 1.40
135 175 1.26
135 176 1.02
135 177 0.76
136 137 8.24
136 138 2.84
136 139 1.50
136 146 1.23
136 147 2.26
136 148 4.46
136 149 7.95
136 150 4.85
136 151 2.42
136 152 1.36
136 159 1.03
136 160 1.61
136 161 2.36
136 162 2.96
136 163 2.49
136 164 1.70
136 165 1.07
136 172 0.75
136 173 1.02
136 174 1.34
136 175 1.52
136 176 1.41
136 177 1.09
136 178 0.81
137 138 7.57
137 139 2.92
137 140 1.59
137 147 1.27
137 148 2.35
137 149 5.05
137 150 7.89
137 151 4.89
137 152 2.46
137 153 1.30
137 160 1.04
137 161 1.61
137 162 2.45
137 163 3.00
137 164 2.55
137 165 1.67
137 166 1.08
137 173 0.77
137 174 1.08
137 175 1.42
137 176 1.57
137 177 1.39
137 178 1.11
137 179 0.79
138 139 7.47
138 140 3.02
138 141 1.50
138 148 1.29
138 149 2.45
138 150 4.94
138 151 8.44
138 152 4.90
138 153 2.25
138 154 1.32
138 161 1.04
138 162 1.63
138 163 2.51
138 164 3.14
138 165 2.51
138 166 1.66
138 167 1.06
138 174 0.80
138 175 1.13
138 176 1.44
138 177 1.51
138 178 1.41
138 179 1.06
138 180 0.77
139 140 8.35
139 141 2.78
139 142 1.45
139 149 1.38
139 150 2.50
139 151 5.32
139 152 9.12
139 153 4.45
139 154 2.31
139 155 1.29
139 162 1.07
139 163 1.71
139 164 2.66
139 165 3.12
139 166 2.53
139 167 1.64
139 168 1.05
139 175 0.84
139 176 1.14
139 177 1.39
139 178 1.57
139 179 1.36
139 180 1.04
139 181 0.79
140 141 8.07
140 142 2.84
140 143 1.47
140 150 1.39
140 151 2.54
140 152 5.08
140 153 7.32
140 154 4.75
140 155 2.28
140 156 1.32
140 163 0.79
140 164 1.68
140 165 2.45
140 166 2.96
140 167 2.40
140 168 1.60
140 169 1.02
140 176 0.81
140 177 1.05
140 178 1.36
140 179 1.44
140 180 1.30
140 181 1.06
140 182 0.75
141 142 8.42
141 143 2.97
141 151 1.38
141 152 2.46
141 153 5.32
141 154 9.65
141 155 5.03
141 156 2.49
141 164 1.08
141 165 1.70
141 166 2.69
141 167 3.20
141 168 2.64
141 169 1.71
141 177 0.79
141 178 1.11
141 179 1.41
141 180 1.58
141 181 1.50
141 182 1.10
142 143 7.12
142 152 1.36
142 153 2.51
142 154 5.15
142 155 7.20
142 156 4.35
142 165 1.08
142 166 1.71
142 167 2.53
142 168 2.97
142 169 2.41
142 178 0.80
142 179 1.09
142 180 1.41
142 181 1.59
142 182 1.36
143 153 1.45
143 154 2.61
143 155 4.67
143 156 6.88
143 166 1.15
143 167 1.78
143 168 2.58
143 169 2.95
143 179 0.84
143 180 1.17
143 181 1.48
143 182 1.52
144 145 6.29
144 146 2.66
144 147 1.42
144 157 6.94
144 158 4.23
144 159 2.29
144 160 1.33
144 170 2.53
144 171 2.22
144 172 1.52
144 173 0.97
144 183 1.35
144 184 1.22
144 185 0.98
144 186 0.72
145 146 7.02
145 147 2.73
145 148 1.47
145 157 4.38
145 158 6.73
145 159 4.61
145 160 2.42
145 161 1.35
145 170 2.17
145 171 2.67
145 172 2.21
145 173 1.49
145 174 1.00
145 183 1.24
145 184 1.32
145 185 1.21
145 186 0.97
145 187 0.74
146 147 6.97
146 148 2.85
146 149 1.44
146 157 2.31
146 158 4.49
146 159 9.06
146 160 5.39
146 161 2.55
146 162 1.42
146 170 1.53
146 171 2.36
146 172 2.92
146 173 2.40
146 174 1.66
146 175 1.05
146 183 1.02
146 184 1.26
146 185 1.42
146 186 1.33
146 187 1.06
146 188 0.80
147 148 7.83
147 149 2.83
147 150 1.43
147 157 1.29
147 158 2.25
147 159 4.83
147 160 8.94
147 161 5.09
147 162 2.57
147 163 1.34
147 170 0.99
147 171 1.53
147 172 2.35
147 173 2.80
147 174 2.43
147 175 1.61
147 176 1.02
147 183 0.74
147 184 0.97
147 185 1.27
147 186 1.45
147 187 1.34
147 188 1.07
147 189 0.79
148 149 7.85
148 150 2.87
148 151 1.44
148 158 1.31
148 159 2.50
148 160 5.13
148 161 8.41
148 162 5.37
148 163 2.48
148 164 1.37
148 171 1.02
148 172 1.63
148 173 2.43
148 174 3.02
148 175 2.47
148 176 1.71
148 177 1.10
148 184 0.74
148 185 1.02
148 186 1.37
148 187 1.53
148 188 1.41
148 189 1.11
148 190 0.81
149 150 7.79
149 151 2.85
149 152 1.48
149 159 1.33
149 160 2.40
149 161 4.69
149 162 7.77
149 163 4.87
149 164 2.47
149 165 1.35
149 172 1.01
149 173 1.59
149 174 2.44
149 175 2.94
149 176 2.50
149 177 1.70
149 178 1.10
149 185 0.74
149 186 1.05
149 187 1.36
149 188 1.52
149 189 1.40
149 190 1.11
149 191 0.82
150 151 7.32
150 152 2.80
150 153 1.40
150 160 1.32
150 161 2.37
150 162 4.61
150 163 8.09
150 164 4.88
150 165 2.35
150 166 1.32
150 173 1.04
150 174 1.67
150 175 2.56
150 176 3.04
150 177 2.45
150 178 1.67
150 179 1.03
150 186 0.79
150 187 1.09
150 188 1.40
150 189 1.56
150 190 1.42
150 191 1.11
150 192 0.76
151 152 7.41
151 153 2.67
151 154 1.43
151 161 1.29
151 162 2.28
151 163 4.64
151 164 7.97
151 165 4.69
151 166 2.33
151 167 1.31
151 174 1.05
151 175 1.68
151 176 2.45
151 177 2.77
151 178 2.40
151 179 1.56
151 180 1.00
151 187 0.78
151 188 1.07
151 189 1.37
151 190 1.53
151 191 1.38
151 192 1.00
151 193 0.76
152 153 7.05
152 154 2.76
152 155 1.43
152 162 1.28
152 163 2.31
152 164 4.71
152 165 7.71
152 166 4.77
152 167 2.37
152 168 1.31
152 175 1.08
152 176 1.64
152 177 2.28
152 178 2.87
152 179 2.32
152 180 1.55
152 181 1.04
152 188 0.78
152 189 1.08
152 190 1.40
152 191 1.51
152 192 1.27
152 193 1.03
152 194 0.76
153 154 8.27
153 155 2.96
153 156 1.54
153 163 1.28
153 164 2.33
153 165 4.88
153 166 9.30
153 167 5.46
153 168 2.55
153 169 1.35
153 176 1.08
153 177 1.60
153 178 2.55
153 179 3.07
153 180 2.53
153 181 1.75
153 182 1.07
153 189 0.81
153 190 1.14
153 191 1.44
153 192 1.50
153 193 1.41
153 194 1.11
153 195 0.79
154 155 7.99
154 156 2.89
154 164 1.30
154 165 2.37
154 166 5.00
154 167 8.10
154 168 4.97
154 169 2.33
154 177 1.02
154 178 1.62
154 179 2.38
154 180 2.85
154 181 2.51
154 182 1.58
154 190 0.81
154 191 1.07
154 192 1.29
154 193 1.47
154 194 1.50
154 195 1.03
155 156 6.88
155 165 1.33
155 166 2.45
155 167 5.06
155 168 8.38
155 169 4.46
155 178 1.06
155 179 1.65
155 180 2.53
155 181 3.06
155 182 2.30
155 191 0.80
155 192 1.04
155 193 1.37
155 194 1.51
155 195 1.30
156 166 1.37
156 167 2.44
156 168 4.66
156 169 7.73
156 179 1.07
156 180 1.69
156 181 2.45
156 182 2.77
156 192 0.77
156 193 1.06
156 194 1.34
156 195 1.42
157 158 6.81
157 159 2.60
157 160 1.39
157 170 6.46
157 171 4.07
157 172 2.09
157 173 1.16
157 183 2.40
157 184 2.02
157 185 1.41
157 186 0.92
157 196 1.37
157 197 1.30
157 198 1.00
157 199 0.73
158 159 6.89
158 160 2.64
158 161 1.39
158 170 4.21
158 171 7.53
158 172 4.24
158 173 2.05
158 174 1.19
158 183 2.15
158 184 2.50
158 185 2.09
158 186 1.41
158 187 0.94
158 196 1.30
158 197 1.48
158 198 1.28
158 199 0.99
158 200 0.71
159 160 7.38
159 161 2.82
159 162 1.49
159 170 2.04
159 171 4.07
159 172 6.47
159 173 3.97
159 174 2.15
159 175 1.22
159 183 1.40
159 184 1.96
159 185 2.37
159 186 2.05
159 187 1.45
159 188 0.99
159 196 0.97
159 197 1.26
159 198 1.33
159 199 1.21
159 200 0.95
159 201 0.72
160 161 7.34
160 162 2.89
160 163 1.42
160 170 1.17
160 171 2.09
160 172 4.12
160 173 6.16
160 174 4.14
160 175 2.13
160 176 1.25
160 183 0.93
160 184 1.35
160 185 2.01
160 186 2.49
160 187 2.12
160 188 1.50
160 189 0.99
160 196 0.71
160 197 0.98
160 198 1.21
160 199 1.32
160 200 1.20
160 201 0.98
160 202 0.71
161 162 7.93
161 163 2.76
161 164 1.44
161 171 1.22
161 172 2.26
161 173 4.52
161 174 7.38
161 175 4.36
161 176 2.30
161 177 1.32
161 184 0.94
161 185 1.49
161 186 2.33
161 187 2.76
161 188 2.34
161 189 1.58
161 190 1.02
161 197 0.75
161 198 1.01
161 199 1.27
161 200 1.41
161 201 1.30
161 202 0.99
161 203 0.73
162 163 6.83
162 164 2.69
162 165 1.39
162 172 1.30
162 173 2.41
162 174 4.88
162 175 7.26
162 176 4.48
162 177 2.33
162 178 1.32
162 185 1.00
162 186 1.63
162 187 2.41
162 188 2.83
162 189 2.36
162 190 1.58
162 191 1.04
162 198 0.76
162 199 1.00
162 200 1.31
162 201 1.43
162 202 1.25
162 203 0.98
162 204 0.71
163 164 7.42
163 165 2.75
163 166 1.42
163 173 1.32
163 174 2.43
163 175 5.22
163 176 8.34
163 177 5.01
163 178 2.49
163 179 1.31
163 186 1.06
163 187 1.66
163 188 2.52
163 189 3.05
163 190 2.55
163 191 1.71
163 192 1.01
163 199 0.75
163 200 1.05
163 201 1.34
163 202 1.44
163 203 1.32
163 204 1.00
163 205 0.76
164 165 7.36
164 166 2.77
164 167 1.43
164 174 1.34
164 175 2.54
164 176 4.96
164 177 7.19
164 178 4.84
164 179 2.30
164 180 1.27
164 187 1.07
164 188 1.64
164 189 2.50
164 190 3.03
164 191 2.51
164 192 1.54
164 193 1.02
164 200 0.76
164 201 1.03
164 202 1.30
164 203 1.45
164 204 1.25
164 205 1.03
164 206 0.75
165 166 7.57
165 167 2.85
165 168 1.45
165 175 1.40
165 176 2.49
165 177 4.59
165 178 7.95
165 179 4.58
165 180 2.28
165 181 1.31
165 188 1.07
165 189 1.70
165 190 2.61
165 191 3.03
165 192 2.29
165 193 1.59
165 194 1.02
165 201 0.77
165 202 1.04
165 203 1.35
165 204 1.39
165 205 1.34
165 206 1.03
165 207 0.75
166 167 7.83
166 168 2.85
166 169 1.39
166 176 1.37
166 177 2.34
166 178 4.72
166 179 7.01
166 180 4.37
166 181 2.34
166 182 1.25
166 189 1.08
166 190 1.69
166 191 2.42
166 192 2.63
166 193 2.29
166 194 1.55
166 195 0.99
166 202 0.76
166 203 1.03
166 204 1.24
166 205 1.44
166 206 1.27
166 207 0.98
166 208 0.73
167 168 7.71
167 169 2.63
167 177 1.31
167 178 2.36
167 179 4.63
167 180 7.20
167 181 4.71
167 182 2.21
167 190 1.08
167 191 1.62
167 192 2.24
167 193 2.75
167 194 2.30
167 195 1.50
167 203 0.76
167 204 0.98
167 205 1.30
167 206 1.38
167 207 1.50
167 208 0.99
168 169 6.33
168 178 1.31
168 179 2.40
168 180 4.98
168 181 7.70
168 182 4.11
168 191 1.05
168 192 1.56
168 193 2.36
168 194 2.75
168 195 2.15
168 204 0.74
168 205 1.02
168 206 1.26
168 207 1.34
168 208 1.24
169 179 1.25
169 180 2.24
169 181 4.20
169 182 6.73
169 192 0.96
169 193 1.46
169 194 2.14
169 195 2.54
169 205 0.71
169 206 0.93
169 207 1.16
169 208 1.38
170 171 6.32
170 172 2.43
170 173 1.23
170 183 6.30
170 184 3.91
170 185 2.04
170 186 1.12
170 196 2.58
170 197 2.29
170 198 1.50
170 199 0.97
170 209 1.32
170 210 1.16
170 211 0.91
170 212 0.69
171 172 6.87
171 173 2.41
171 174 1.26
171 183 4.08
171 184 6.34
171 185 4.08
171 186 2.02
171 187 1.15
171 196 2.23
171 197 2.88
171 198 2.28
171 199 1.51
171 200 0.93
171 209 1.21
171 210 1.30
171 211 1.17
171 212 0.94
171 213 0.66
172 173 6.89
172 174 2.59
172 175 1.32
172 183 2.14
172 184 4.17
172 185 7.01
172 186 4.33
172 187 2.21
172 188 1.27
172 196 1.52
172 197 2.43
172 198 2.84
172 199 2.37
172 200 1.52
172 201 1.00
172 209 0.95
172 210 1.21
172 211 1.33
172 212 1.22
172 213 0.92
172 214 0.70
173 174 7.32
173 175 2.72
173 176 1.44
173 183 1.16
173 184 2.07
173 185 4.57
173 186 8.31
173 187 4.97
173 188 2.50
173 189 1.34
173 196 0.96
173 197 1.57
173 198 2.45
173 199 3.04
173 200 2.49
173 201 1.68
173 202 1.03
173 209 0.69
173 210 0.97
173 211 1.25
173 212 1.40
173 213 1.23
173 214 1.00
173 215 0.73
174 175 7.34
174 176 2.87
174 177 1.51
174 184 1.16
174 185 2.23
174 186 4.85
174 187 7.82
174 188 5.01
174 189 2.45
174 190 1.32
174 197 0.98
174 198 1.55
174 199 2.34
174 200 2.89
174 201 2.48
174 202 1.59
174 203 1.00
174 210 0.70
174 211 0.96
174 212 1.21
174 213 1.30
174 214 1.24
174 215 0.98
174 216 0.72
175 176 8.46
175 177 3.20
175 178 1.61
175 185 1.22
175 186 2.38
175 187 4.85
175 188 8.14
175 189 5.20
175 190 2.53
175 191 1.41
175 198 0.98
175 199 1.51
175 200 2.38
175 201 2.93
175 202 2.37
175 203 1.59
175 204 1.01
175 211 0.70
175 212 0.94
175 213 1.17
175 214 1.33
175 215 1.25
175 216 0.97
175 217 0.75
176 177 8.70
176 178 3.16
176 179 1.51
176 186 1.33
176 187 2.47
176 188 4.93
176 189 7.81
176 190 4.97
176 191 2.56
176 192 1.32
176 199 0.98
176 200 1.57
176 201 2.33
176 202 2.72
176 203 2.31
176 204 1.53
176 205 1.03
176 212 0.69
176 213 0.93
176 214 1.17
176 215 1.35
176 216 1.19
176 217 0.99
176 218 0.72
177 178 7.88
177 179 2.80
177 180 1.41
177 187 1.39
177 188 2.52
177 189 5.18
177 190 8.32
177 191 5.17
177 192 2.30
177 193 1.30
177 200 1.03
177 201 1.59
177 202 2.38
177 203 2.87
177 204 2.26
177 205 1.59
177 206 1.01
177 213 0.71
177 214 0.96
177 215 1.28
177 216 1.35
177 217 1.27
177 218 0.97
177 219 0.73
178 179 7.16
178 180 2.67
178 181 1.39
178 188 1.39
178 189 2.62
178 190 5.32
178 191 7.71
178 192 4.22
178 193 2.24
178 194 1.24
178 201 1.03
178 202 1.60
178 203 2.38
178 204 2.57
178 205 2.27
178 206 1.51
178 207 0.97
178 214 0.72
178 215 1.02
178 216 1.22
178 217 1.36
178 218 1.19
178 219 0.95
178 220 0.70
179 180 7.53
179 181 2.78
179 182 1.35
179 189 1.36
179 190 2.46
179 191 4.77
179 192 7.14
179 193 4.68
179 194 2.30
179 195 1.23
179 202 1.01
179 203 1.57
179 204 2.21
179 205 2.88
179 206 2.33
179 207 1.53
179 208 0.96
179 215 0.75
179 216 0.99
179 217 1.27
179 218 1.35
179 219 1.23
179 220 0.96
179 221 0.72
180 181 7.66
180 182 2.66
180 190 1.31
180 191 2.31
180 192 4.42
180 193 7.56
180 194 4.65
180 195 2.21
180 203 1.00
180 204 1.48
180 205 2.32
180 206 2.70
180 207 2.21
180 208 1.48
180 216 0.73
180 217 0.99
180 218 1.21
180 219 1.31
180 220 1.50
180 221 0.96
181 182 6.68
181 191 1.27
181 192 2.20
181 193 4.39
181 194 7.01
181 195 4.15
181 204 0.95
181 205 1.47
181 206 2.11
181 207 2.46
181 208 2.13
181 217 0.72
181 218 0.92
181 219 1.13
181 220 1.26
181 221 1.16
182 192 1.18
182 193 2.10
182 194 4.21
182 195 6.62
182 205 0.92
182 206 1.38
182 207 2.01
182 208 2.64
182 218 0.67
182 219 0.89
182 220 1.16
182 221 1.29
183 184 6.89
183 185 2.56
183 186 1.25
183 196 7.28
183 197 4.64
183 198 2.22
183 199 1.23
183 209 2.49
183 210 2.01
183 211 1.36
183 212 0.92
183 222 1.26
183 223 1.15
183 224 0.92
183 225 0.69
184 185 7.10
184 186 2.50
184 187 1.28
184 196 4.55
184 197 8.96
184 198 4.94
184 199 2.34
184 200 1.20
184 209 2.14
184 210 2.59
184 211 2.15
184 212 1.49
184 213 0.91
184 222 1.18
184 223 1.36
184 224 1.25
184 225 1.00
184 226 0.71
185 186 7.38
185 187 2.71
185 188 1.42
185 196 2.20
185 197 4.89
185 198 8.55
185 199 5.22
185 200 2.31
185 201 1.28
185 209 1.41
185 210 2.19
185 211 2.68
185 212 2.30
185 213 1.46
185 214 0.98
185 222 0.92
185 223 1.26
185 224 1.43
185 225 1.32
185 226 1.01
185 227 0.75
186 187 8.13
186 188 3.04
186 189 1.48
186 196 1.17
186 197 2.25
186 198 4.84
186 199 8.37
186 200 4.94
186 201 2.48
186 202 1.30
186 209 0.89
186 210 1.44
186 211 2.21
186 212 2.69
186 213 2.16
186 214 1.54
186 215 0.98
186 222 0.67
186 223 0.98
186 224 1.28
186 225 1.45
186 226 1.31
186 227 1.04
186 228 0.76
187 188 8.83
187 189 3.02
187 190 1.46
187 197 1.21
187 198 2.24
187 199 4.43
187 200 7.76
187 201 5.16
187 202 2.41
187 203 1.27
187 210 0.92
187 211 1.43
187 212 2.09
187 213 2.47
187 214 2.22
187 215 1.51
187 216 0.97
187 223 0.70
187 224 0.96
187 225 1.24
187 226 1.40
187 227 1.31
187 228 1.02
187 229 0.74
188 189 8.26
188 190 2.84
188 191 1.45
188 198 1.26
188 199 2.26
188 200 4.93
188 201 8.04
188 202 4.78
188 203 2.27
188 204 1.24
188 211 0.95
188 212 1.44
188 213 2.10
188 214 2.60
188 215 2.23
188 216 1.46
188 217 0.98
188 224 0.71
188 225 0.98
188 226 1.28
188 227 1.42
188 228 1.28
188 229 0.99
188 230 0.71
189 190 8.03
189 191 2.94
189 192 1.42
189 199 1.22
189 200 2.36
189 201 4.71
189 202 7.43
189 203 4.66
189 204 2.25
189 205 1.26
189 212 0.92
189 213 1.41
189 214 2.10
189 215 2.65
189 216 2.14
189 217 1.52
189 218 0.96
189 225 0.71
189 226 0.99
189 227 1.25
189 228 1.39
189 229 1.26
189 230 0.96
189 231 0.69
190 191 7.83
190 192 2.76
190 193 1.42
190 200 1.24
190 201 2.23
190 202 4.55
190 203 7.34
190 204 4.35
190 205 2.24
190 206 1.26
190 213 0.92
190 214 1.39
190 215 2.22
190 216 2.49
190 217 2.20
190 218 1.43
190 219 0.96
190 226 0.72
190 227 0.96
190 228 1.25
190 229 1.37
190 230 1.21
190 231 0.91
190 232 0.74
191 192 7.58
191 193 2.77
191 194 1.37
191 201 1.23
191 202 2.25
191 203 4.58
191 204 6.68
191 205 4.66
191 206 2.26
191 207 1.24
191 214 0.93
191 215 1.52
191 216 2.13
191 217 2.59
191 218 2.08
191 219 1.46
191 220 0.94
191 227 0.71
191 228 0.99
191 229 1.25
191 230 1.34
191 231 1.15
191 232 1.00
191 233 0.77
192 193 7.55
192 194 2.62
192 195 1.31
192 202 1.26
192 203 2.29
192 204 4.51
192 205 8.60
192 206 4.79
192 207 2.26
192 208 1.17
192 215 1.03
192 216 1.51
192 217 2.32
192 218 2.70
192 219 2.24
192 220 1.46
192 221 0.97
192 228 0.76
192 229 1.05
192 230 1.32
192 231 1.35
192 232 1.32
192 233 1.06
192 234 0.77
193 194 7.19
193 195 2.53
193 203 1.28
193 204 2.21
193 205 4.61
193 206 7.30
193 207 4.42
193 208 2.05
193 216 1.01
193 217 1.54
193 218 2.15
193 219 2.51
193 220 2.05
193 221 1.41
193 229 0.76
193 230 1.02
193 231 1.19
193 232 1.33
193 233 1.50
193 234 1.00
194 195 7.08
194 204 1.19
194 205 2.12
194 206 4.26
194 207 6.72
194 208 4.31
194 217 0.96
194 218 1.38
194 219 2.02
194 220 2.46
194 221 2.09
194 230 0.72
194 231 0.91
194 232 1.14
194 233 1.32
194 234 1.26
195 205 1.15
195 206 2.06
195 207 4.13
195 208 7.68
195 218 0.91
195 219 1.37
195 220 2.15
195 221 2.58
195 231 0.68
195 232 0.90
195 233 1.20
195 234 1.40
196 197 6.84
196 198 2.50
196 199 1.31
196 209 6.85
196 210 3.92
196 211 1.91
196 212 1.13
196 222 2.45
196 223 2.02
196 224 1.34
196 225 0.90
196 235 1.19
196 236 1.05
196 237 0.85
196 238 0.65
197 198 7.51
197 199 2.74
197 200 1.31
197 209 3.73
197 210 5.99
197 211 3.84
197 212 2.09
197 213 1.12
197 222 1.88
197 223 2.38
197 224 2.03
197 225 1.42
197 226 0.91
197 235 1.01
197 236 1.11
197 237 1.05
197 238 0.88
197 239 0.65
198 199 7.94
198 200 2.65
198 201 1.35
198 209 1.91
198 210 4.05
198 211 6.27
198 212 4.24
198 213 2.05
198 214 1.19
198 222 1.30
198 223 2.14
198 224 2.62
198 225 2.24
198 226 1.47
198 227 0.97
198 235 0.82
198 236 1.06
198 237 1.22
198 238 1.16
198 239 0.91
198 240 0.69
199 200 6.91
199 201 2.62
199 202 1.30
199 209 1.12
199 210 2.20
199 211 4.40
199 212 6.69
199 213 3.96
199 214 2.12
199 215 1.14
199 222 0.89
199 223 1.52
199 224 2.31
199 225 2.78
199 226 2.25
199 227 1.51
199 228 0.96
199 235 0.64
199 236 0.88
199 237 1.15
199 238 1.31
199 239 1.19
199 240 0.96
199 241 0.68
200 201 8.13
200 202 2.75
200 203 1.34
200 210 1.17
200 211 2.16
200 212 4.18
200 213 6.61
200 214 4.58
200 215 2.18
200 216 1.22
200 223 0.95
200 224 1.49
200 225 2.29
200 226 2.86
200 227 2.44
200 228 1.59
200 229 0.99
200 236 0.65
200 237 0.90
200 238 1.20
200 239 1.37
200 240 1.27
200 241 0.95
200 242 0.68
201 202 7.61
201 203 2.62
201 204 1.35
201 211 1.19
201 212 2.13
201 213 4.32
201 214 7.21
201 215 4.50
201 216 2.19
201 217 1.24
201 224 0.96
201 225 1.52
201 226 2.40
201 227 2.92
201 228 2.40
201 229 1.55
201 230 0.96
201 237 0.67
201 238 0.96
201 239 1.25
201 240 1.38
201 241 1.20
201 242 0.93
201 243 0.69
202 203 7.60
202 204 2.76
202 205 1.37
202 212 1.18
202 213 2.20
202 214 4.46
202 215 8.21
202 216 4.59
202 217 2.36
202 218 1.24
202 225 0.98
202 226 1.60
202 227 2.42
202 228 3.00
202 229 2.45
202 230 1.54
202 231 0.94
202 238 0.71
202 239 0.98
202 240 1.24
202 241 1.32
202 242 1.22
202 243 0.97
202 244 0.72
203 204 8.04
203 205 2.73
203 206 1.41
203 213 1.20
203 214 2.14
203 215 4.80
203 216 7.15
203 217 4.85
203 218 2.25
203 219 1.28
203 226 0.99
203 227 1.53
203 228 2.39
203 229 2.89
203 230 2.32
203 231 1.46
203 232 1.05
203 239 0.70
203 240 0.94
203 241 1.17
203 242 1.33
203 243 1.23
203 244 0.99
203 245 0.79
204 205 7.06
204 206 2.63
204 207 1.36
204 214 1.23
204 215 2.48
204 216 4.82
204 217 7.94
204 218 4.25
204 219 2.20
204 220 1.20
204 227 1.00
204 228 1.64
204 229 2.50
204 230 2.85
204 231 2.15
204 232 1.61
204 233 1.08
204 240 0.71
204 241 0.96
204 242 1.27
204 243 1.41
204 244 1.30
204 245 1.08
204 246 0.75
205 206 6.51
205 207 2.53
205 208 1.20
205 215 1.31
205 216 2.27
205 217 4.25
205 218 5.98
205 219 3.84
205 220 1.96
205 221 1.16
205 228 1.00
205 229 1.55
205 230 2.21
205 231 2.34
205 232 2.17
205 233 1.54
205 234 0.99
205 241 0.69
205 242 0.97
205 243 1.23
205 244 1.36
205 245 1.29
205 246 0.94
205 247 0.66
206 207 7.53
206 208 2.34
206 216 1.30
206 217 2.22
206 218 4.02
206 219 6.55
206 220 4.04
206 221 2.07
206 229 1.03
206 230 1.55
206 231 2.08
206 232 2.52
206 233 2.24
206 234 1.54
206 242 0.74
206 243 1.01
206 244 1.26
206 245 1.38
206 246 1.50
206 247 0.87
207 208 6.18
207 217 1.26
207 218 2.15
207 219 4.52
207 220 7.33
207 221 4.22
207 230 1.02
207 231 1.46
207 232 2.13
207 233 2.77
207 234 2.42
207 243 0.75
207 244 0.99
207 245 1.22
207 246 1.24
207 247 1.11
208 218 1.11
208 219 1.97
208 220 4.12
208 221 6.54
208 231 0.88
208 232 1.30
208 233 2.05
208 234 2.67
208 244 0.67
208 245 0.85
208 246 1.03
208 247 1.16
209 210 6.15
209 211 2.22
209 212 1.19
209 222 6.81
209 223 3.96
209 224 1.91
209 225 1.08
209 235 2.31
209 236 1.87
209 237 1.26
209 238 0.86
210 211 7.17
210 212 2.67
210 213 1.28
210 222 4.08
210 223 8.16
210 224 4.72
210 225 2.25
210 226 1.17
210 235 1.90
210 236 2.39
210 237 2.10
210 238 1.46
210 239 0.91
211 212 7.61
211 213 2.59
211 214 1.35
211 222 1.97
211 223 4.88
211 224 8.56
211 225 4.89
211 226 2.22
211 227 1.24
211 235 1.28
211 236 2.02
211 237 2.63
211 238 2.26
211 239 1.45
211 240 0.96
212 213 6.98
212 214 2.68
212 215 1.28
212 222 1.12
212 223 2.31
212 224 4.89
212 225 8.70
212 226 4.87
212 227 2.35
212 228 1.25
212 235 0.85
212 236 1.36
212 237 2.16
212 238 2.73
212 239 2.27
212 240 1.55
212 241 0.95
213 214 7.90
213 215 2.66
213 216 1.40
213 223 1.19
213 224 2.21
213 225 4.81
213 226 9.20
213 227 5.31
213 228 2.49
213 229 1.29
213 236 0.87
213 237 1.41
213 238 2.31
213 239 2.98
213 240 2.54
213 241 1.59
213 242 0.96
214 215 6.56
214 216 2.67
214 217 1.37
214 224 1.23
214 225 2.36
214 226 5.05
214 227 8.26
214 228 4.76
214 229 2.27
214 230 1.20
214 237 0.93
214 238 1.54
214 239 2.38
214 240 2.82
214 241 2.19
214 242 1.41
214 243 0.93
215 216 7.99
215 217 2.97
215 218 1.42
215 225 1.19
215 226 2.24
215 227 4.30
215 228 7.35
215 229 4.84
215 230 2.30
215 231 1.21
215 238 0.91
215 239 1.41
215 240 2.05
215 241 2.41
215 242 2.10
215 243 1.46
215 244 0.96
216 217 7.71
216 218 2.67
216 219 1.41
216 226 1.27
216 227 2.27
216 228 4.87
216 229 8.21
216 230 4.59
216 231 2.09
216 232 1.32
216 239 0.94
216 240 1.41
216 241 2.09
216 242 2.61
216 243 2.17
216 244 1.47
216 245 1.04
217 218 6.36
217 219 2.55
217 220 1.31
217 227 1.23
217 228 2.32
217 229 4.63
217 230 6.68
217 231 3.72
217 232 2.23
217 233 1.34
217 240 0.91
217 241 1.37
217 242 2.09
217 243 2.45
217 244 2.08
217 245 1.56
217 246 0.97
218 219 6.15
218 220 2.39
218 221 1.32
218 228 1.23
218 229 2.19
218 230 4.15
218 231 5.64
218 232 4.25
218 233 2.35
218 234 1.26
218 241 0.90
218 242 1.44
218 243 2.14
218 244 2.58
218 245 2.32
218 246 1.47
218 247 0.89
219 220 6.31
219 221 2.57
219 229 1.24
219 230 2.22
219 231 3.91
219 232 6.30
219 233 4.48
219 234 2.26
219 242 1.00
219 243 1.53
219 244 2.22
219 245 2.65
219 246 2.02
219 247 1.30
220 221 7.78
220 230 1.21
220 231 2.01
220 232 3.72
220 233 6.86
220 234 5.08
220 243 0.96
220 244 1.39
220 245 1.98
220 246 2.26
220 247 1.96
221 231 1.19
221 232 2.04
221 233 4.33
221 234 8.55
221 244 0.93
221 245 1.33
221 246 1.90
221 247 2.37
222 223 6.31
222 224 2.27
222 225 1.19
222 235 6.30
222 236 3.71
222 237 1.86
222 238 1.09
223 224 7.25
223 225 2.59
223 226 1.24
223 235 3.40
223 236 5.87
223 237 3.93
223 238 2.09
223 239 1.11
224 225 7.31
224 226 2.48
224 227 1.30
224 235 1.77
224 236 3.71
224 237 6.86
224 238 4.42
224 239 2.04
224 240 1.15
225 226 6.87
225 227 2.68
225 228 1.35
225 235 1.02
225 236 1.89
225 237 4.07
225 238 6.82
225 239 4.17
225 240 2.18
225 241 1.17
226 227 6.96
226 228 2.71
226 229 1.33
226 236 1.03
226 237 1.91
226 238 4.03
226 239 6.27
226 240 4.29
226 241 2.12
226 242 1.11
227 228 6.93
227 229 2.53
227 230 1.25
227 237 1.11
227 238 2.11
227 239 4.04
227 240 6.49
227 241 4.02
227 242 1.92
227 243 1.10
228 229 7.32
228 230 2.54
228 231 1.26
228 238 1.15
228 239 2.04
228 240 3.99
228 241 6.33
228 242 4.00
228 243 2.04
228 244 1.14
229 230 7.02
229 231 2.43
229 232 1.38
229 239 1.11
229 240 1.98
229 241 3.94
229 242 6.85
229 243 4.20
229 244 2.04
229 245 1.25
230 231 6.60
230 232 2.67
230 233 1.46
230 240 1.09
230 241 1.96
230 242 4.25
230 243 6.85
230 244 4.13
230 245 2.28
230 246 1.24
231 232 6.92
231 233 2.76
231 234 1.33
231 241 1.13
231 242 2.18
231 243 4.43
231 244 7.70
231 245 4.77
231 246 2.19
231 247 1.10
232 233 7.20
232 234 2.41
232 242 1.27
232 243 2.24
232 244 4.18
232 245 6.93
232 246 3.82
232 247 1.77
233 234 6.65
233 243 1.28
233 244 2.16
233 245 3.96
233 246 5.79
233 247 3.45
234 244 1.12
234 245 1.82
234 246 3.61
234 247 5.95
235 236 5.86
235 237 2.14
235 238 1.17
236 237 6.20
236 238 2.44
236 239 1.16
237 238 7.39
237 239 2.39
237 240 1.22
238 239 7.01
238 240 2.53
238 241 1.25
239 240 6.73
239 241 2.51
239 242 1.17
240 241 7.16
240 242 2.31
240 243 1.20
241 242 6.43
241 243 2.46
241 244 1.24
242 243 7.52
242 244 2.58
242 245 1.42
243 244 6.43
243 245 2.67
243 246 1.36
244 245 6.65
244 246 2.46
244 247 1.15
245 246 6.25
245 247 2.03
246 247 6.24
